10000
37469
35562
55302
26014
16598
47465
15160
9601
40189
7619
10280
27586
54165
59460
6968
37118
6206
29771
41334
58191
57663
17875
48994
15571
43359
41149
53133
53083
44180
7259
54334
3564
29235
29659
45294
23957
30501
56974
14163
36110
7898
41620
49273
20937
20471
47334
52204
19640
19083
57440
4755
5083
49728
26633
48502
49891
31245
43648
41472
59976
26088
46661
42431
10596
39641
3521
59304
48554
42857
53970
33272
6950
51929
47031
3254
17587
35952
33653
56916
691
27724
20996
54707
43630
23641
54937
38054
9226
5151
58544
34159
1026
2581
58037
14854
7239
32276
52239
30008
14480
59591
59274
55596
40863
45982
52576
50049
37906
56482
4772
18291
12514
27075
47978
16796
31452
36205
49078
44567
7770
47864
51680
49599
2077
37663
24480
46551
4872
7496
443
56419
1212
9826
12458
7187
36684
42413
18852
23647
21948
5427
9864
41166
56507
37973
1865
44305
15354
46208
4725
7052
38600
37214
46212
40917
1195
10152
36858
53
25629
55225
42680
38059
6593
38654
43814
32176
1472
46602
30197
40757
54469
10598
5716
32616
57713
8549
29842
54902
43131
20854
17962
21322
11560
34067
34224
31763
22339
18518
38838
12708
17177
20299
12219
38709
48627
46464
47025
56967
50033
44856
10633
32261
24640
12415
48573
50118
44343
20729
40858
9582
50868
56148
2408
10068
28046
31003
6840
20767
29206
54988
32009
39465
45199
14753
29270
17894
28391
40298
41792
1789
8593
45660
47187
19637
385
12259
42263
8875
37923
45651
35894
4863
45784
18332
7204
20271
20046
54300
26416
36315
17338
30894
6054
34664
42005
51712
25055
8160
6448
44482
18918
42934
53654
32442
8231
12743
17277
20949
37014
33532
37511
27832
19320
12492
24699
6453
19314
42335
49595
46584
55469
18221
49923
36577
5379
21956
34717
19052
14217
54696
20515
30572
35352
42485
33106
11574
29337
39873
2183
31193
35501
25404
1849
10956
53430
17945
47922
57856
53990
38310
43435
26580
33090
40663
26435
52520
39026
8770
20284
1833
21320
24387
40275
6570
40874
26847
38874
17428
34013
55397
24179
40980
25936
14224
21931
12530
48643
44682
59696
16579
7667
53739
19025
22100
40931
52831
33105
46119
8807
3493
2087
20858
44880
6259
32372
41826
54607
36407
45474
1591
23848
59801
36438
4585
51445
30684
562
30864
24051
51651
56778
11969
13613
36688
22112
2012
47492
17319
26334
39554
53560
11666
9712
20132
28053
52318
35515
56599
22364
14946
56446
10212
41645
50015
21987
36412
13774
16323
47874
22920
3771
40200
1811
42078
9066
38650
41069
36047
31033
693
3360
59646
16886
49484
20204
17611
8747
18822
14684
12845
36517
44643
58594
56319
2207
14845
32079
53265
40592
45162
25583
39903
38093
21533
48479
52574
19708
15340
3725
49811
59158
1804
13035
9758
58456
29016
4366
13907
10983
18897
25449
2377
45757
30015
31265
40267
23412
13398
28429
38637
36174
9844
10861
2649
16799
13574
34979
2438
28343
9354
14610
7754
46768
54159
37618
58278
17840
20729
16428
48064
46491
39233
57528
41646
21977
16505
38033
36110
3039
45901
45490
48947
59325
14117
18000
22297
25507
31079
5747
32345
9969
52729
27409
4056
52697
20516
5513
14555
7315
25972
3225
51157
35805
26236
24669
2144
26093
41654
11653
2442
32245
29416
5521
34631
4689
13474
12523
42404
39599
19748
39617
56188
29276
7709
8766
50531
3783
19758
44196
3167
20853
33933
42153
48855
19584
34501
55659
40132
9228
11738
8592
50116
38568
36746
19230
4941
27645
53071
39316
2686
41174
1697
48131
17169
37260
25657
55405
1485
33837
7761
14904
25785
1257
30439
29711
30858
25784
4735
55318
58333
20011
18408
47783
54304
41806
29303
39214
5834
30838
20975
16029
40683
59117
55875
11085
50558
53911
47698
17202
35740
3007
48785
7513
8522
19716
2182
44096
49298
23418
49424
1075
50607
36414
11620
57183
34497
12121
53299
48020
23329
28752
7879
36860
42223
59366
4428
47762
9383
51759
27275
8160
6417
22738
40849
30010
7832
48089
52655
11217
54962
35800
29819
33301
31294
36408
8915
53610
13325
48447
38945
42661
12662
17566
2138
56067
31693
58295
52129
12710
31118
7400
37961
5101
33299
37592
26103
12623
134
43741
17286
57460
58832
16744
38788
26512
53071
29518
30169
48509
19654
53587
30151
11988
29390
48597
2093
31047
20170
59122
28102
48830
31097
26583
8719
36012
43077
27271
35302
39245
38904
6852
32046
34942
56846
40829
16878
5401
3941
39891
32217
3468
1457
31369
37352
50389
9804
37833
25604
57852
46058
22253
33440
34317
9611
912
29826
28944
39338
14418
17154
28103
37522
30529
26667
42691
50929
42027
25055
19843
21796
12157
23544
53419
26609
22390
11656
4477
24244
6349
31457
55318
55473
29595
5585
48679
20200
23527
22598
34222
2343
16397
43663
47025
30393
26922
13218
40183
11484
35462
43482
51907
48241
54206
20729
25006
620
49100
27659
25151
47018
6006
39755
52585
36899
39152
41310
59777
59061
21935
38013
1659
27584
55564
337
56064
37936
13296
55639
11406
12373
27650
8739
34796
50798
4522
8480
35464
16068
50305
49333
54415
31923
37655
34980
25225
42883
37249
54700
2766
4565
33341
4558
40137
59544
55267
19692
6599
33628
54378
27341
57756
14782
55155
26142
52723
44385
16566
16019
28431
51678
14184
24586
35810
42610
58406
37360
36521
22358
33728
26429
52771
27084
53605
43195
46925
40725
32582
6788
29563
9375
38986
46121
50388
30748
39150
36975
5419
46702
25814
51635
55669
6622
6133
17486
32300
8427
5045
34900
56543
7296
45731
55351
5811
52575
14106
20488
51931
43033
22186
13597
43791
11999
47525
22670
38700
30163
21094
37050
26408
52759
6558
59015
44912
17287
35132
21862
35072
24291
53688
9236
51774
51748
8093
30428
53459
21872
41297
21818
4391
21737
55202
27292
28088
21823
12014
58977
22038
134
14191
23011
54975
48866
58657
44432
2674
5631
18577
54324
16146
34269
28420
403
28889
30760
35842
28626
29398
20101
26045
18965
16516
4617
25537
25347
38825
34948
5082
51397
39176
58778
52445
59022
20003
43986
58644
31253
41296
26344
29289
57853
44599
40829
7917
7061
25445
20718
8038
45851
2416
34
41075
26844
20264
41660
58366
26583
38550
11281
12445
1727
1140
50419
33732
36607
13992
25836
7946
32472
32030
38311
42742
37509
33890
3463
57415
14944
16599
48635
59933
19389
59542
35561
20903
25684
10246
33736
53514
39836
59188
44618
34346
38355
58159
47925
5752
44058
26115
49075
25592
5149
337
5823
35662
44816
32807
2848
5957
20629
23201
13811
58363
25147
46427
52640
11757
43040
58001
41807
9114
10326
30838
21875
41430
27300
17133
32932
2478
47107
34632
9995
21554
48425
58
438
30244
43459
27515
23435
27228
50842
26872
58425
45461
37208
56116
1418
9400
19621
4991
56885
49219
42026
41520
53553
23093
9686
33346
19427
10776
10110
56457
36824
20108
10591
18992
32590
47852
9056
47217
19948
32831
33427
1040
54163
27358
11514
46004
13004
30589
4006
38018
45120
53559
59354
631
42535
6746
1806
18114
49816
31052
13904
5149
55839
45593
48804
54022
40204
52122
6604
33630
3944
36452
34787
28829
6819
33098
17124
37647
12009
36079
14696
57839
6323
23980
32171
17119
27641
25914
47024
9729
32581
37245
8763
17109
25666
32782
41628
45072
3412
21411
9292
37717
41570
59644
49007
27986
20590
23949
31609
43002
35493
5379
11182
39258
56689
54773
31170
4891
36459
50057
57695
38579
17838
7199
44036
27847
7400
43294
52330
49569
58154
56185
31330
22122
15166
15678
47898
46181
27639
11163
44159
46216
42276
3181
14109
20887
6847
5222
24545
50239
29282
39706
56095
57323
52601
19687
1935
52935
1138
42846
55827
4655
54001
39410
404
30738
21344
58652
59209
6985
13700
27656
6329
11854
54187
17408
45400
35322
7745
36051
17902
53791
23265
48738
39829
36191
1352
5319
46241
8071
27398
13858
2042
13676
47214
55393
44004
45856
49389
32555
14816
35409
58007
51913
5099
8671
58364
38129
50180
36407
24442
35249
44491
14480
56748
33717
13669
26977
17152
4245
2332
42910
9543
52413
899
4077
30853
34458
8216
43401
45192
36414
1538
59411
40213
40273
8985
23471
43518
17140
24068
55970
47055
47922
42334
31686
21096
55910
5874
8519
19813
6787
12262
15869
35545
58692
1972
58503
52698
23377
26738
37504
917
2218
3827
32961
36226
7795
25639
10515
26290
57468
47805
13871
58533
29996
48969
40211
16344
21322
39873
13571
35675
2631
51969
24474
46305
44587
35886
4716
46704
8794
11416
23162
55737
43395
47320
2256
897
23045
37913
51006
9694
38143
47251
37777
43229
16882
32146
3566
12480
58676
26901
810
40677
42132
1778
51273
37761
47493
53783
26033
28621
4650
300
2826
11350
45116
54133
2548
16120
25915
42227
17189
2597
32526
38825
23294
48798
35992
38139
45480
32772
10138
19539
8240
15977
4287
57150
30685
58752
24935
34195
6794
55955
16243
39924
7428
11282
32586
37261
1
29417
39367
52825
41115
31275
43680
27619
13000
5099
3282
23306
45143
13673
18094
44190
49961
8745
11418
34599
38730
28063
4421
26086
16587
19526
28299
46994
48509
34961
24673
52260
13227
19577
46110
6447
33428
17556
4231
30950
54084
49255
34581
15970
21615
21234
8324
38235
45161
1738
24986
1523
27332
8996
10482
28370
31399
31948
38725
24172
10440
24757
54581
13311
25382
29387
8245
52889
52357
50661
27863
27414
51110
22199
8243
21542
52899
22339
41937
38829
54116
35471
948
8357
30561
59602
28835
31134
27988
56871
56373
11749
55385
44036
32345
30338
44870
52581
57247
38683
24481
53057
41542
13014
41154
33247
706
27164
25959
50561
54633
9081
51950
9981
42587
13824
57330
38541
2188
5900
22468
4221
46384
46113
19301
22754
3425
46864
36734
42345
45168
23961
30173
30957
47718
2923
11244
5218
20661
54855
59631
56015
44736
23171
34810
15545
49123
28874
39565
19321
41408
15968
49421
784
10344
59523
13504
59601
59939
13390
15364
46876
9820
14327
31884
13163
23499
45720
27352
36646
38016
36075
52944
42545
23017
6958
49214
39461
3808
22758
39653
45691
55636
37567
37921
1252
48627
1265
44444
37111
44465
43391
44234
57442
15639
22137
25219
27521
53450
37858
16506
30061
58647
18572
37278
47019
35065
37662
24748
38021
14022
35095
33359
29878
33980
941
13494
5567
52131
45518
22704
24119
24607
37544
36966
59711
54069
35620
5556
58291
35831
32364
38694
42780
23118
56269
34060
7842
21667
46200
8185
55487
29098
1027
26494
22927
17227
6029
13470
58595
3374
35198
24781
373
18371
8812
54474
59478
52331
42810
10166
3011
35046
11419
8240
23766
42010
33332
26990
17337
59164
29536
35418
21077
53791
25869
10694
15176
2902
38083
42734
6933
1575
43461
45865
43094
35695
24688
28971
57196
38060
10624
45050
53943
13066
7762
24971
9345
9805
34916
25337
16180
23096
25689
32097
5548
53944
20281
9436
37895
9393
15988
8282
34393
55330
20103
27287
6493
19863
28663
45821
36773
52331
2394
5399
26162
27064
28086
34860
41343
44573
17505
21888
6168
24651
22407
59395
21320
54283
39402
3028
35056
719
47812
25238
3795
57396
57640
25772
35950
17905
24262
52244
21413
3966
1357
57118
17656
58724
10794
53160
36917
541
35119
34551
54087
52296
37552
13876
40429
15563
7910
51136
23557
41317
46358
10613
21094
54351
9452
41147
55277
23566
58176
27524
23727
10585
34619
37509
43246
57057
9267
51601
7975
4833
19570
17203
32168
33251
437
7080
4958
33037
14576
27126
36300
13222
44655
55821
40152
3785
3959
14777
43103
41861
33386
47361
39241
40686
22826
40543
16855
21956
20565
49852
41337
8861
20238
34183
24220
27698
32188
6514
51776
52387
3692
35210
17352
30568
27794
10705
10091
15541
9101
48345
4103
48200
30440
31487
17813
49906
32316
41409
439
35840
8563
221
24974
41990
21543
29448
51881
20807
25161
16232
57047
39683
39518
52239
27261
43773
42948
31604
3171
9543
18258
46191
40425
50860
40477
20017
58456
18298
2039
12830
12083
1451
25361
12840
24043
39982
3585
46793
19377
38455
37855
53533
45863
12575
3946
10553
42224
10105
7496
26476
8902
52147
41066
52336
26890
15205
48301
365
18421
3545
9181
27947
4397
11382
12532
57873
44756
55595
49536
24607
36507
48181
28771
21476
50835
50797
16500
45341
25284
32177
11683
51339
55958
45549
33785
29423
57325
42310
56253
997
16626
33443
15220
36859
36683
2008
640
59020
15341
27728
34441
56157
36488
47222
33049
12114
46625
44384
7296
53998
2205
46329
15864
14598
13048
1130
52803
59521
22102
5572
27185
46703
42161
5132
10558
16898
6449
42659
23192
14989
53081
45297
33470
13719
32158
15918
58179
11068
4371
21197
34226
29185
45855
39077
268
40113
53936
3964
11341
10489
23849
50898
53772
20701
46327
31016
35937
22101
7393
12972
34273
19559
1150
24258
2404
25410
43264
7376
18728
50804
31246
48390
36878
7401
3375
7912
20418
23424
32354
35993
33753
6092
15435
3942
15987
11908
50696
4012
47967
19111
17697
39014
44254
58672
35038
30424
28639
32081
2098
47793
1066
21871
22485
35200
39960
34906
44560
28407
18719
23207
35665
35636
51276
3436
37887
37265
43017
16344
47623
51370
46846
7692
56660
28519
8243
55162
29854
47877
37940
57176
34009
38565
3469
10817
31374
24144
55349
45641
38567
7429
26983
25882
20995
43361
53610
32272
29641
51850
50771
43565
7866
26072
13601
45913
25983
59488
25446
59706
46273
38847
59013
52876
12472
56351
51766
41598
46171
3401
26343
9
42646
9959
23485
56269
26586
14772
18168
16329
26798
31235
16404
28311
18755
12073
22347
19938
25061
13320
18424
54821
48173
50936
25719
17313
16339
56692
44809
41914
14177
20575
56083
32015
24739
6609
28133
41524
41979
26690
11640
20045
38096
33649
46673
52586
14887
41841
43842
51194
3626
14001
46928
26829
51748
6630
20623
55498
10831
33816
24553
45609
5444
37510
32637
26446
16209
41910
6756
37346
20713
1821
18288
19088
31030
40423
5197
3769
43145
452
9449
24501
13682
50064
3504
54663
13483
25821
30767
53083
50574
29406
27034
40126
14439
53650
7306
9818
36677
12491
26206
47597
35370
19131
25954
18277
21857
42395
6125
19642
52815
41847
42884
53575
44450
29912
5436
59207
26086
52239
46685
2888
15574
44859
52289
2735
54192
58008
2428
44072
28993
22372
2230
4295
55264
13615
53395
47648
52983
55294
30484
255
25563
35420
32247
29381
40124
32478
1177
11361
25976
12913
48091
40614
50987
18851
29890
50862
44737
5770
45112
21323
24427
37205
47217
48325
35536
58253
13576
35094
46939
25831
27047
23198
14162
42889
39014
323
27943
25974
45930
38888
15911
45304
45519
2505
58063
32041
50592
1200
55807
16350
41283
52312
16231
31985
59890
46876
39709
49833
25443
48090
11505
23240
23178
56521
31896
52785
20
18932
32708
12787
35252
48210
48341
22871
52411
37603
57960
738
40896
37514
18413
41607
28479
50370
52471
23244
2046
49694
55661
58839
10730
41056
15901
14102
23840
47765
50832
37928
51815
4044
54329
37066
35099
21457
16615
28194
34789
36427
28473
54049
38309
19918
54321
37145
18034
27325
46433
58236
40888
11392
19394
24972
44896
44509
14468
51812
55053
16182
45248
48770
13538
4064
57353
56559
42722
44827
8800
37357
38799
14354
57415
54460
31284
11921
12525
18504
48702
41278
13448
1427
54885
28662
45057
56730
47432
5253
28713
36615
28342
17408
36618
7827
10281
21123
39736
59029
12941
53954
18278
10124
33951
20494
32436
12965
27152
12583
52806
23945
7913
27256
14353
47045
54152
30963
10062
14871
31848
50378
56849
39219
25983
16743
243
43632
49568
21737
39146
19281
55393
54236
20731
9491
43288
8435
31142
58448
33790
15620
18048
31310
15285
26912
40094
47048
9894
46125
8205
50742
18659
36642
18046
31579
14411
54879
40606
20363
20075
57543
25796
42519
33506
20059
31556
21495
33021
19892
16833
7026
13057
9852
46335
46893
55656
57577
39189
16206
20258
30231
25185
4971
6172
1889
11478
42900
45854
44124
33777
16058
21711
34288
45513
44794
34323
7092
31301
51818
58036
57413
58055
42111
31358
39426
40998
42841
52612
9415
55385
34251
21473
52548
27535
15499
31705
43738
22780
44690
11646
51537
36910
9200
37934
45497
45694
19663
7481
3483
31777
20770
21440
51866
44734
50667
51289
16204
11258
37638
463
12751
22895
50677
49990
11914
26779
45960
32221
34785
52597
57384
16460
7156
24666
19425
1197
56149
13253
32874
24087
28708
39134
44114
22821
48041
35401
17609
54869
21100
25407
15944
5900
35508
24410
8478
35446
55451
6057
34360
44588
46955
17956
11435
9902
19127
34489
34721
13456
54680
6532
45150
30162
44035
13950
17806
24070
54083
2892
27214
36918
46648
50937
27859
49982
28811
26686
28666
51797
46988
18205
54797
47145
52235
39373
17391
58760
6640
29871
58149
28731
45943
24479
39360
39981
26987
24774
33995
20265
47294
12780
15373
4609
13922
19915
18492
36043
20935
15391
28191
37510
39570
55610
6781
13466
27286
17268
12071
5790
59761
8703
44831
34515
32486
42616
52004
14925
13778
16793
42683
40945
16461
13100
1691
3514
7167
55898
53301
10742
35901
18338
42399
10285
26719
47749
26651
49314
32543
19389
2920
52946
55311
31502
32933
18874
53143
42645
23805
36821
40330
39357
17492
58210
27845
40592
52300
29828
8067
49739
10100
49155
49344
35274
17262
3536
45224
3202
17531
20037
38714
15789
59398
30891
26814
51072
21258
8981
8064
6937
1792
13962
40329
50516
14377
50624
29465
23389
35348
5443
46083
11391
50476
47606
30916
48763
33313
4688
18305
10421
45042
6567
22492
50344
6068
44011
52370
34745
29890
10056
53877
59496
38721
41615
12801
11363
8782
19471
13629
29526
19910
57437
21008
10621
41521
7826
11262
12570
8524
22547
55837
4609
58706
49964
51416
14288
46503
52662
31199
29948
11233
31960
54345
22631
339
38985
4839
53614
15063
29875
1414
26495
49335
12979
47137
12071
20631
52381
44577
17481
51011
38237
498
26187
42897
26456
5123
59947
36051
7153
14329
22223
31259
49031
21168
41977
57163
20540
25744
57113
33400
36976
14440
59068
16250
44331
47881
2627
45075
51546
39393
1934
59865
48849
59891
30775
58882
20207
47760
16476
9067
19071
24084
56692
39269
49339
19327
28994
33404
51083
5358
33287
42501
11562
12245
13010
28356
18185
9980
22323
50167
14157
24947
25485
26627
16564
8371
9001
34521
40917
22067
45799
47844
18821
20419
46448
57169
53526
6217
13703
34747
42490
7478
16637
21683
7109
56963
42340
35881
16976
46541
16731
39513
57082
58475
27080
15828
55881
29320
43237
6954
42926
12865
58801
54929
50503
30524
22630
661
15902
20866
25706
15164
50542
7452
51359
16981
48037
59942
4374
22524
8197
28722
5473
23724
29733
13627
11717
51714
24437
18052
39566
52937
32799
57741
26172
16328
14888
50801
47772
11012
36757
34111
7345
44467
29771
21203
47761
23806
41263
30257
27372
45362
16492
49757
32327
47684
29778
46041
49063
2014
21115
57884
40457
35819
25578
25132
22223
9978
38797
4824
34356
24146
31649
16148
22432
22067
2996
13041
21111
19172
12613
26936
25963
21887
51175
8707
38642
49941
43077
23801
4115
46271
11392
51428
12538
38274
49652
36209
54411
26750
5273
48259
59603
8436
37316
59636
7929
6065
50637
2057
22036
39515
33708
11312
34710
2358
49117
4665
9286
30516
42114
33166
36300
50263
38088
10448
33317
22628
27457
3088
51126
24134
22864
9639
3453
34524
25380
38291
12162
24896
18364
3790
13133
49845
50184
53900
11090
11052
25872
56081
3783
47315
41230
41900
5078
8507
26646
17300
2061
7876
39382
34494
29779
32455
4888
38232
42773
37248
12804
50213
45150
46197
50050
15893
53350
33224
36734
6945
42273
45653
14884
41504
41752
28264
54123
47048
31157
23934
55822
26820
13271
50646
43509
39630
48678
30005
9554
40458
30784
26194
30951
2111
22642
31748
40709
8115
8578
45894
33360
9729
59433
54596
350
45434
7998
17318
6398
20181
6222
39158
17493
14260
59847
974
14915
57621
42739
58115
26437
14225
3395
4584
40595
5429
31329
4225
40393
14522
57447
45573
35875
33891
19373
27022
32738
58418
19325
14561
13771
57224
21795
3156
56335
21912
31425
54849
31749
23398
52159
34214
43794
31937
23583
25845
19979
51737
24239
41919
12530
15455
32247
56344
33020
3513
57458
33511
27027
16606
56409
11949
8279
16564
46619
18607
36863
35427
58889
50625
38973
31861
13037
22929
29536
43181
36347
2285
24243
10850
6368
48787
54050
16310
33303
35763
32285
47927
27867
8482
29141
32017
918
32190
44612
19981
17751
985
53993
25995
39458
56676
2544
27543
59202
59769
23984
58795
25210
2277
39918
897
23193
14352
50080
1459
56715
9386
34380
25521
49612
59732
48621
24158
36055
26920
16215
59976
32893
11143
9074
35042
24305
48445
48675
27136
51392
23794
4393
34605
28607
35887
8770
48428
41180
48939
54062
59594
35414
11282
52491
16732
43529
15985
57727
25883
4929
41664
11637
59096
56432
43180
47678
28445
35930
34976
40568
43874
48589
11919
17613
2089
44879
50913
28594
47767
47664
8760
58672
15023
6430
51965
25856
49932
22326
16172
11374
34234
5176
11033
13216
57426
28468
18493
15568
24081
56993
11073
13077
41139
55757
31269
33696
20465
9966
55470
14306
6740
19062
14442
57707
41461
55109
53953
19885
34484
17144
25786
24319
53776
15872
38823
50749
48425
11342
46190
3725
59824
56330
46228
41308
31559
4674
58696
9415
30170
32895
30986
54102
40730
41044
15894
13346
54354
5424
11345
58712
26824
17042
47663
27413
57618
51644
42942
39121
37521
9952
5906
20600
431
44536
37550
37843
48977
43890
9164
58118
15192
3719
4585
31442
27674
51757
48720
7098
36632
11010
49601
11715
54652
1353
25374
37461
20914
43665
41586
20094
38111
58641
33342
31670
52034
35792
51905
24029
27685
52704
9540
45984
32191
50443
35391
16570
7754
49701
18731
46935
28541
4993
2053
54100
50373
52384
11868
2498
41125
11363
44247
906
13958
16450
48326
17034
11868
12086
26787
4477
20056
18736
52196
41785
35651
50029
23873
42098
40382
24544
52732
7292
58067
54063
21330
14286
57367
24507
5308
7969
1694
41142
56674
24055
35355
59897
32765
34553
36691
24493
47687
31865
10493
8711
28482
11286
57240
35697
20641
37182
2217
36355
59031
52558
33679
11473
52794
49940
10789
49950
1107
58325
17075
6638
12550
8619
32625
56825
47480
59270
57114
55099
13121
15060
9544
55528
52944
54203
4722
51133
36405
20354
6143
19537
7055
44240
10373
14283
30195
32588
27683
46509
1973
4931
17399
17870
37238
15465
28797
35878
48107
11894
58052
30434
14534
32018
28110
36663
3779
29451
40613
40851
16784
45410
52213
47887
16697
6214
45321
43040
9808
35321
31621
40077
13334
7631
38270
13691
14600
58452
16913
49892
17993
54509
25095
35687
23720
13302
13443
28985
24974
10251
5796
49368
32998
7843
12254
22591
41225
28246
32239
34902
59365
41919
57473
27329
34889
28028
46555
10425
47760
12370
27460
33016
43815
17230
40501
302
53373
12262
43609
176
41030
20222
46533
38288
6347
31623
11854
14055
16402
5697
10891
6479
45606
961
19880
44046
48483
23726
7523
33804
42944
41318
11239
35397
889
41149
54307
26234
10551
31109
30919
18594
6079
22985
46426
8670
8564
23699
53306
52075
50345
6574
13425
24592
18375
42981
54576
46422
36695
36170
22699
34392
34445
42067
17904
29840
19442
32095
45062
42193
32460
19319
9214
19603
54636
21807
34488
21192
43379
34379
8757
51725
57826
2174
13140
54045
27805
8142
12460
47071
13978
1076
39877
28064
38188
5983
46291
26843
56935
59992
48368
22165
2319
20512
44852
17637
26882
3701
20051
3472
25598
14484
10548
40307
58960
35896
35498
35193
40058
46144
17457
29421
12288
23535
6566
14569
57360
41453
46755
23500
49451
16203
35062
2891
38484
33540
29533
31102
26388
40862
25536
31547
41512
40272
24458
29056
20456
10110
20741
9353
35092
2879
33490
55042
31965
15712
35714
59383
51117
31233
28020
22535
18324
3644
17195
9142
54608
58407
29643
7585
17784
58319
51473
27565
26821
58660
5804
40504
23133
27668
41467
54001
10270
57551
15235
5732
21572
42730
23789
51629
42647
57471
39675
50734
50292
26897
16357
32412
42101
1805
12053
38259
58752
22572
6810
13513
18473
25749
12781
56960
8357
2431
11678
33237
20588
13844
2585
11222
1226
3985
33979
50961
21250
1771
41067
9287
14783
47659
5335
6719
10937
27610
9932
10710
13856
45623
44049
59285
22376
45637
11841
17339
19794
56994
43747
52377
28402
10610
35112
31644
22178
11707
800
24965
43779
45640
56665
52565
7434
22097
39285
35812
7215
4978
48678
3792
51630
51639
30601
28659
439
40665
2077
58765
11384
18626
3902
16992
7877
6605
17666
52923
42593
46697
19823
31886
37260
13148
14167
15292
39785
27172
9426
17487
139
19769
15639
26309
56315
26414
45110
6791
17001
54774
33524
24763
43340
36995
12099
48911
49879
22985
5981
47862
48635
18754
6110
21168
24659
17738
21916
44385
58864
46987
44356
41315
54689
21683
49809
19479
26526
44064
40683
18455
55665
42750
15418
50791
53538
39976
18662
13706
48894
3370
28685
37329
19043
20487
10463
21070
17227
13014
30810
35655
14834
2695
30237
8774
59237
21892
747
16076
15721
43571
24158
20485
59045
16247
36356
14743
9518
44085
54235
7157
52141
44501
11333
35377
2318
25823
48040
36941
42696
13092
44581
36946
9348
6079
26034
3130
26156
42992
49462
1447
36081
24552
51329
26743
22552
33924
23718
19247
52355
22992
7573
13204
43544
4460
44025
9048
48336
31084
57483
51026
9118
6105
25521
19782
46553
29397
44663
10916
10888
2843
32872
51213
20554
27493
18217
36463
31231
59176
49458
55153
37494
21466
9226
35210
33427
48660
5630
23885
52444
13458
32413
43870
50081
24439
12211
30152
44806
13485
3904
9511
24143
43562
23061
23680
2759
25646
50058
2289
8620
20233
13278
15331
54618
29305
14124
28028
37650
29873
36999
31409
39527
33814
28978
46328
9222
24611
3647
6043
27391
32012
28641
31721
18900
25343
28335
3270
55069
12582
48216
56291
52437
48777
4990
38440
15556
27985
29937
52430
2474
11432
34441
425
35141
49595
36574
7747
9631
47393
35239
35876
33944
25045
48270
43756
30411
43551
7085
40675
42911
15890
38471
17543
14988
35406
20613
12197
44744
2693
11627
6564
37102
33531
50423
23130
7433
10438
24629
20162
40802
16757
6754
20037
30884
59597
30971
52917
38440
25231
52736
45785
33346
22741
40747
12162
8519
34555
48487
26749
21370
43450
50959
54497
31825
48239
28997
8680
54376
7259
19851
20570
52354
835
24001
20740
46200
39480
7611
52328
33312
14289
31390
11822
34586
6324
14936
3960
57177
9908
11001
54580
5965
13491
21138
58954
13033
35721
50344
16853
1782
2429
8724
43663
14355
38992
3290
58372
39591
377
21700
48200
29733
14346
14203
16005
6139
9554
4386
26733
48503
9276
50926
58894
13141
53909
3814
11139
51114
25515
8147
4839
28390
36944
19395
36292
57002
21854
55041
3594
44262
48693
5193
25787
35245
29311
53386
14946
7064
44116
42780
59876
47763
52665
40539
2992
32424
52036
29344
26640
56038
31866
34330
37633
39981
29626
50702
4286
53497
40978
41224
54168
45833
43855
7773
56099
50091
57970
56607
3882
34982
6909
4220
7395
10051
40750
57235
11772
17112
56898
35763
56532
24082
41275
45682
7911
34207
26140
35175
46402
42166
31601
24550
52820
58435
40747
53749
25093
41843
57257
26767
52512
4952
2642
23860
25772
8057
1951
21930
48825
39354
53014
51957
39157
28579
57744
25135
19646
32559
10748
47300
36977
46227
30429
46060
46306
12393
19246
19589
59845
16729
15878
40173
10088
8163
36535
19993
46051
53835
47216
42069
49160
40545
32194
59545
56149
12748
18495
48580
59177
28594
17182
3991
1138
42118
37468
23664
56452
17327
15644
32034
2598
51249
45679
22925
1575
1435
591
26688
24910
27180
37989
33895
44015
47938
52618
8018
52793
24673
32779
4453
1100
57756
34821
55733
13416
16162
41808
40710
4992
16840
19416
17534
32877
47792
5255
25572
36832
14771
18910
24219
6159
48944
32706
29205
21297
59281
12531
48598
6276
1654
11159
28038
43371
28992
32246
13586
14198
9916
4414
42912
10489
13097
55527
57805
51935
14184
55761
17862
39927
33248
41161
40063
56780
24619
35659
10546
57970
8257
16481
19575
41916
5887
48841
19356
875
16083
25268
6850
13249
26566
55691
34389
22708
50406
21133
27653
37021
23471
27219
25413
2288
22486
56980
384
37030
7314
58852
34547
15510
10663
36183
26730
15395
25744
32164
4955
13615
45352
5732
31193
27533
11414
17210
7446
59891
41267
9580
27961
30830
45048
17007
17303
25168
24808
5698
30321
39556
40184
37169
56266
1762
44087
4057
2404
35806
35678
48203
52342
15259
55797
27754
21899
36925
4350
34702
20665
47132
46018
23531
30013
47924
19671
40619
24752
18650
28043
16184
39240
35401
40016
54774
34638
48569
39268
8557
19767
25521
14555
52132
22785
29012
51947
36488
52172
45175
41012
29805
50610
14130
56842
13356
47812
20117
38401
138
45315
46322
23251
43769
27608
10776
272
44695
9616
35936
41315
34868
7512
51808
44381
24978
529
54652
41985
36101
23855
51453
24043
2937
37364
30266
33469
57491
28900
11411
41896
3088
3460
37436
29555
29993
16948
19798
53515
36120
11494
37241
38952
20244
3387
40814
45559
14553
34841
32218
19273
259
24970
43508
39383
18584
27347
4599
19600
26309
9519
13778
20002
37249
56776
26493
29792
32270
6834
29863
4118
7581
16388
31114
18214
9169
11795
17632
21725
32188
18477
40239
58456
23718
23311
43295
4557
18189
29956
52237
5623
29574
55706
10744
44385
33952
34914
47608
40558
50825
7780
55694
36835
38667
22941
59767
47698
46798
18358
45338
1124
9121
55330
27105
36737
12787
56051
19620
27391
49916
45946
18336
28389
18489
41305
34375
45115
16531
4167
50897
12944
18273
17535
26033
22824
27748
38981
53986
32032
37776
35959
59040
23774
41387
50027
38867
25946
38638
24331
11365
11331
38728
47881
8597
53647
27682
15553
4804
20291
4413
13834
51757
31451
1047
4088
48050
37879
20941
38321
8241
49603
32251
25737
33493
58145
50590
41181
58153
51796
36794
51273
28807
34700
20631
46918
22671
11881
18950
20420
23027
38669
610
20927
399
45347
21714
46657
18998
36486
39659
51284
15143
51088
53745
13346
56670
52544
4254
43883
32487
58406
36764
52162
25390
43982
35468
29764
3250
24102
14121
44694
37176
24526
56742
13147
42395
43611
25716
36239
55585
1480
32352
1602
24616
51546
16121
31092
31360
48718
44751
35849
11698
9058
1495
22634
56638
59165
41995
41976
31715
24699
33326
15117
43958
35384
43085
13713
5013
35160
52769
32118
55990
26001
24721
9872
4185
59543
16725
33332
59196
6658
28629
29164
14861
23165
18735
17269
58842
18509
44216
56021
4868
32348
38618
53436
16146
54817
30875
42710
43618
43470
38110
29001
17850
29302
59523
34322
2205
32536
6057
3414
36249
53357
40052
32968
44445
14890
53162
24182
27335
13618
32823
45680
45531
54460
25008
19447
59952
27164
21396
32989
35621
24720
49199
34590
30641
8361
44024
19770
26680
33076
922
1039
49273
46436
27344
29039
44580
11742
50409
37571
1961
31233
56012
16028
45164
30512
36725
25489
1972
56381
49084
26234
10979
5747
14295
12360
14975
5248
10710
13214
52559
42077
13964
17520
19874
7132
29997
32791
6536
40109
56467
56943
43076
27085
34459
56237
38457
45259
30892
42463
22370
52344
47895
36290
28350
36459
35418
3834
47240
12046
12799
11122
11908
58312
19522
7952
3926
22728
56079
32692
58188
16298
56137
18893
18268
10121
51208
13368
33608
37314
48314
13526
54109
1153
46154
23592
20508
25707
24125
8778
25615
31655
11257
27817
12445
33225
8576
36546
6073
58363
10106
16857
20949
55466
17810
35698
25140
49739
14775
18032
92
46537
29794
41192
39242
37613
30071
4161
32704
40680
52612
5002
16026
8735
18502
55831
20830
17491
45419
19002
38673
29227
40371
45370
37734
7809
26480
44435
37521
55143
26220
16586
59290
564
8745
49418
54893
30638
59523
33216
8526
35157
40338
7727
35819
11114
33484
3441
48905
39131
28007
47115
32160
1996
380
48012
42979
12642
37543
57634
55031
39599
10379
36953
14501
5558
38258
13552
49002
36378
6962
19833
30475
12359
23276
1389
11974
3228
15341
24298
33764
24308
37335
34059
27979
16784
35290
7586
47472
39746
20604
20692
30537
2233
49304
2737
32865
21508
21890
10798
54948
24260
41288
28929
49786
5586
24085
5592
55153
40842
19375
20599
17106
627
55904
3660
28470
51052
11377
34193
50514
1429
44178
16349
10157
54711
19735
59335
30322
3633
58909
47608
30401
28864
25802
6987
7455
746
59505
4324
44622
43335
38773
5643
20184
6764
11557
22244
22021
25781
54278
32396
32428
44431
32174
14161
14789
56415
14668
59022
52125
6450
13126
31234
31395
25794
21114
31468
44511
44098
50438
20261
16450
38087
6883
38042
45465
57298
17707
18117
1531
24542
26619
39335
54402
30786
26676
32324
30422
36260
7196
58170
41796
6779
49025
23615
56174
47711
14845
7607
39709
35279
45717
41391
49617
15262
54428
6265
30105
6587
26229
3492
27197
25787
34294
28311
55032
25829
35335
57322
47396
1242
51017
55328
51182
5631
20531
1317
35080
20841
10872
7136
12957
11204
41157
41910
1055
5504
56198
39419
20732
31480
36744
58773
51791
17088
34137
5327
41491
47850
52236
14166
17490
27989
54296
41172
57052
1876
30720
17798
39379
43542
18061
57916
48867
46070
25112
24493
2127
55329
30916
39189
58279
16736
33031
26444
57429
31649
55529
40163
15510
43142
21606
12574
54438
6442
21006
13225
51508
15723
58763
18904
26965
43321
3970
55615
53332
7641
28370
53066
24039
38262
45178
50842
47644
50213
5015
36381
47667
48659
1643
6632
39525
38925
11353
9140
21442
1131
21965
16915
59065
38331
30393
57165
21584
3334
9913
40763
2931
40705
4216
36255
33865
52593
23276
46206
30242
26171
57884
4540
41900
21320
37441
33842
13989
49074
29450
20045
47531
11886
42554
11270
58351
11478
43021
17434
7176
34641
52760
23270
18180
12097
36461
21217
26681
16776
57438
3958
46778
23768
33945
50236
19685
56022
58961
41236
29305
15850
26493
11646
58213
6598
43642
55671
48603
36880
50732
50515
8323
14158
29985
47028
47980
4781
44822
10853
59261
29678
49363
50933
55626
6478
34450
44915
23714
59184
22174
37218
41765
46185
44757
19705
7667
48007
4719
23002
28192
17343
54745
30700
13219
50258
36858
47256
17773
48091
16631
35165
27159
15639
5009
24400
52373
33074
46860
48819
9063
4298
47723
38032
29517
5986
48023
55571
36186
43493
12959
8322
12418
40373
15641
41433
877
30543
15942
53478
56205
541
39411
27646
56076
59928
46075
53594
39551
33047
52075
17138
40279
50296
21470
6579
12534
28746
57766
48288
10910
10645
59884
44067
59685
39047
56463
53934
27205
27963
44264
54291
56432
32584
21550
12284
47552
28995
32853
49383
57420
30066
42514
32290
36375
5647
21977
13247
48963
5940
50247
51892
57347
13129
36796
19826
58830
51688
36768
59359
17199
36521
50918
2354
26744
16399
37614
10187
57047
41006
40260
44140
25057
38935
38405
20280
38379
50945
7330
18567
59128
37270
18078
32291
21357
35991
3217
4866
32000
33389
55663
3104
39534
38029
50563
33880
23275
8327
3508
22110
40948
46828
39690
25276
40609
26937
27625
31304
15607
27236
41596
35999
9562
13378
7278
8256
14751
306
10321
903
4223
28106
3905
32516
56455
23868
36418
26455
48237
56580
25350
1675
15965
26577
1356
35212
35505
3277
36450
39014
12735
28363
28043
34780
21036
9484
31515
43073
36766
28206
57631
39382
28527
59890
5113
50529
59710
33320
41865
49734
32128
34297
41832
37189
18388
51217
29742
12431
44179
7367
25747
16742
17350
28106
45522
55601
31218
2441
47242
39352
8206
30911
17278
1570
19509
35642
26044
17161
43543
54087
3419
5143
57834
21531
31229
24031
10206
19840
44948
22490
18701
32506
39841
59676
48305
33109
47959
53650
21200
7629
55198
9915
6995
52537
29652
54240
53396
41461
55854
36945
16437
8555
46780
47646
57742
41630
39210
33070
28734
38098
11746
26464
29859
1243
49871
16700
21028
47072
57949
28948
56779
41164
924
6428
7216
33265
8612
28163
20209
47001
39954
6925
39102
362
32496
13007
25584
44789
54802
2343
15930
32572
38173
46773
5719
15997
9954
55481
18915
36960
58056
47818
19014
54777
52584
56816
8747
13817
30674
3008
42414
6936
57452
54353
50260
8599
28347
41439
30229
27765
39994
8284
27444
57104
18055
43022
44079
37718
20413
6281
14513
43303
43388
27881
36837
23176
6853
24075
8486
35655
37409
49641
18385
28678
27650
241
9500
422
19457
35938
55264
40754
23845
36706
57841
53188
48741
16158
24142
50872
52997
22654
33140
16171
55645
48772
23405
29487
43064
50210
49478
18702
10999
38837
52350
24504
43765
7201
49945
42252
3366
26186
40405
52319
2936
56973
56372
58795
23580
13593
32088
21751
34110
31821
53582
38751
23727
15567
54624
19648
5412
45222
40686
49506
30167
34677
32791
44386
17611
45973
55025
36667
8238
7022
34232
50545
28087
19441
37155
53018
15822
26292
49522
5000
35307
21931
42052
22135
2294
44159
22245
304
58829
13934
34788
48696
41157
48832
37346
18776
38664
9761
32486
12361
1565
22463
21454
3995
32133
8930
19904
21859
44832
17634
35807
54399
11120
22506
32409
49607
58774
53928
9117
38354
14809
15149
29194
6978
50853
3303
17090
38445
5967
38200
43453
59913
23767
33491
17850
33491
41958
10515
43184
7131
51703
57080
5987
32688
44018
52863
15987
53764
25363
20604
57262
7643
32649
33239
32389
40566
33179
30272
58139
22390
21733
25488
34010
7791
34048
20446
7040
34635
20767
47706
4695
14743
24469
34665
46243
25774
16693
5470
23092
30560
21489
1841
36219
959
14308
38303
46328
47718
30347
31358
51826
51975
24941
32731
21952
16879
37628
3634
15749
3863
9204
16585
44889
27850
56384
45706
12225
12206
42428
15387
25057
53489
24916
44731
40680
43761
49259
38875
28617
8488
3737
26806
51242
34899
50412
53519
53365
59005
10639
31398
204
57004
32936
23286
48569
37512
59322
41870
41283
26211
59147
30186
40669
26314
14944
42509
53689
9447
34725
10493
12506
30991
59625
33019
49063
59055
56805
62
48827
17518
59101
39083
34425
9598
27455
11891
38876
18341
1065
10569
29325
56003
25191
58654
50446
10655
35322
2267
2899
56466
9556
14810
21392
58991
40895
53794
43629
39854
27517
38909
19447
28212
51914
887
7888
27969
50974
13909
11142
18005
50415
31664
1697
17407
58772
52685
6230
4836
12900
49018
31449
30633
10780
7527
50063
55197
42783
59774
58881
10149
2264
40064
38061
22437
763
10846
3446
43688
18313
35473
48187
27949
42674
58838
15877
37358
4565
22537
35802
12045
28579
44541
47311
41854
20162
31318
7739
51275
34477
29027
25510
14568
10617
28251
29312
6772
50258
22099
24366
4456
37347
16921
20895
46335
20117
56528
47228
9058
45871
1640
8350
1647
27771
47993
90
37125
22473
17468
35287
48175
19341
15718
17601
22794
7172
56770
25717
48533
13236
18954
1756
8244
13745
26594
59413
45729
7419
57745
13995
33360
25669
6524
51302
52509
44913
20353
28861
57012
6614
38157
47625
13980
31940
3546
37780
49025
8670
3497
10032
8924
25478
50871
2053
24802
49206
37823
49506
36646
58442
46637
5237
59115
40540
24538
8021
29482
34791
57929
1244
19197
45613
14620
52307
41254
26388
36468
47045
46846
40043
38531
58069
56350
56266
50192
45708
15011
49751
34726
3306
59490
5253
34777
46238
51496
41719
56694
39568
41900
25219
49702
17980
40116
44881
21375
55065
27329
34210
15943
50263
24760
56878
17638
33224
36557
14981
6246
16885
50190
42103
37546
20625
6953
7568
29224
32266
39419
28891
20996
47323
15222
49095
54667
43327
27439
55015
8201
23297
41377
57170
4519
28239
58881
58699
3684
45228
30239
26108
54159
11652
54901
49179
13150
59130
12911
24431
58095
3454
10808
40299
10904
21562
19293
54424
57484
33675
57663
18130
45485
22029
34427
11497
3241
45455
17358
9607
35763
56838
56519
27569
54622
44478
56877
967
28728
24266
22729
26309
2497
44508
23314
28300
5222
54417
49619
31707
56958
33732
44699
31446
25441
13250
46977
10601
6336
15197
12786
36902
46181
36634
51193
15722
13768
4038
27625
33565
1578
28037
13706
14968
5842
39883
37597
45825
18530
40675
32686
44818
52693
45644
24501
28185
6679
7716
5225
26488
46081
20477
51746
15307
52559
16108
59913
48137
19424
21920
19454
16452
41162
9295
24102
30923
15063
57548
20399
45455
50336
37557
55105
46563
1060
3689
21506
37468
196
34711
45574
29784
11295
6801
50578
52827
46725
21919
9771
14932
53946
8880
18464
36830
18058
39244
45265
52322
42851
11877
19354
346
18419
26795
11391
21232
29343
23774
2070
43301
16829
9694
16940
53742
34126
18047
19221
14905
58843
28921
19476
56941
45195
2107
32194
12335
30847
8575
42079
59649
19915
5945
2194
5189
9009
24745
17343
50207
11770
400
20644
792
59764
8959
49583
13343
57891
55114
25760
21162
1989
57276
58870
45146
12199
3684
11481
46236
8829
3341
36644
53612
8258
22124
53101
58772
38572
22226
274
2547
58442
20193
22017
40505
31230
18652
52548
37421
24017
1207
3623
7601
57239
35885
5159
52478
36384
30064
23193
43689
19960
38810
43924
44391
48252
6562
11549
1293
17721
12267
54861
56047
7907
28311
52641
11946
49774
21625
1277
54014
45453
53672
23133
5171
41221
35439
19418
34044
32781
36385
950
6969
36516
34890
59684
21238
10254
7488
52086
33265
52268
51224
37605
41401
38040
56950
18967
20594
47130
38652
4784
39797
8362
24227
34775
36499
59587
45768
25219
28922
50559
2749
1187
42449
24084
5760
33095
24381
18123
38217
13774
1766
55578
56989
45132
13172
51517
43072
11224
18515
53781
2055
44880
42613
284
45739
53161
25206
2820
57530
7670
15771
49900
6151
11796
32212
28286
54850
46225
15520
57416
39522
30551
17584
28757
40446
23832
38468
10535
42715
30551
35953
595
16416
5649
4452
37400
16453
38246
27168
11741
13610
18088
28131
8071
43556
4223
2823
43061
22130
21846
32388
59128
33997
27749
48626
43217
35902
23324
1484
55177
7338
30633
8273
7271
31688
4295
3044
16498
29012
15363
18004
48995
30268
15435
12853
1957
11447
50966
29549
56684
5813
1642
45547
11631
36016
19406
40593
51076
43010
1260
53042
23735
54866
30114
18326
30502
12454
30342
19323
44284
53276
1556
6038
36456
29875
46229
27959
19801
20292
28301
43275
51929
29198
18401
2906
40994
19215
15364
28624
46977
32942
55613
32345
3974
11957
6550
57957
33541
56061
44323
50796
11276
5697
47212
10667
55105
30580
24729
36460
3864
5359
22522
1924
33262
21795
52944
21877
17605
8748
7419
37844
23164
8070
4641
2789
46345
19897
59512
41154
22646
3120
17648
3483
32214
41672
38464
55255
18114
47684
17131
25144
29589
45149
41519
10109
11712
34774
26922
11137
7530
7309
56201
56768
46920
9421
54350
45530
30037
48193
20637
29168
14126
27844
13731
26124
58349
59860
47588
12733
35327
17348
29695
59199
17572
18192
11648
39513
42179
27052
33187
40032
53959
33205
29663
3257
56795
10345
46327
5212
16253
37330
7288
47284
11905
46269
17583
21186
36133
42185
9707
7489
5676
19195
40746
23685
16506
34511
3587
3037
22187
31112
30959
8407
52304
14088
15156
26978
1063
18076
18607
28047
5397
1679
10590
20721
2851
58783
48424
8963
37907
2156
32906
42793
10045
23244
47678
9902
53514
21915
25225
27916
4716
44048
38690
49611
33624
45451
57690
13472
29569
15979
57741
10167
14194
43708
12355
55020
55464
41485
6306
24946
53450
21695
52
8022
55590
1018
35953
15902
28169
1562
5449
18827
1786
34694
22544
30270
12659
15585
22598
13783
18749
8153
34818
40216
3880
9981
20154
20968
54436
17260
30802
8403
2718
30760
51454
36975
4282
26538
37558
15545
50250
38223
4949
40094
43752
48687
29870
23254
42294
59086
31692
3114
26383
32140
12707
15862
4809
7511
56696
47657
40458
57568
53706
42346
260
37227
53564
58677
18319
8768
22529
14403
39425
1694
30626
51400
51244
56911
51118
46453
58164
18583
40159
19389
44939
59398
8197
41717
10251
52973
20049
20085
20368
33005
7456
3067
816
46986
39586
24687
15159
17471
27110
6912
10435
46572
6084
2733
21049
21866
24742
42048
51458
25822
8852
45557
59237
58348
54394
8601
28482
22147
38169
55822
20776
50934
45671
9994
42132
54187
45187
21726
34024
31596
7673
2260
16547
50459
53006
53650
29922
31075
32553
43484
31859
49353
22718
22614
39057
38018
39800
6790
51233
3165
56163
26104
32040
52833
12243
43355
27079
19921
6932
44329
42964
8236
36815
49636
44054
1362
1461
48123
52604
13823
41579
35500
29627
25084
46386
2723
45123
16011
466
2497
9628
26336
28675
27064
53826
29520
15256
2162
53914
53761
10536
34706
24560
35872
57914
6802
10447
38098
56364
21131
12092
52226
29088
34707
56879
11545
55076
56833
2862
14380
8829
57516
19176
16015
15951
17137
14795
3528
47562
10003
22211
54686
7125
49917
51376
46575
19984
4387
15394
21793
42057
4231
38708
33872
57885
30519
46242
10054
55368
40371
25768
28873
15499
46444
24952
57167
6905
22728
2807
20172
3134
57506
39637
47564
21196
3439
16392
35996
23812
55259
57284
258
6685
4882
59673
45965
54644
30138
39528
18502
50353
22622
32067
11622
4209
31781
35841
56674
22101
22881
31130
38466
21959
59908
55333
40783
28484
23211
27660
13130
10154
56095
26216
19929
53759
30161
53823
49276
42171
54978
15670
37342
1940
19717
54644
34375
16068
18364
22614
39470
36569
33022
17064
8972
21528
43995
54150
59564
5391
47734
34416
19902
11926
52145
38915
28810
44449
22343
11290
4546
36581
17362
5024
42033
13892
237
49680
7055
56023
42035
43307
33878
2519
33254
31029
44207
24167
53804
42893
14886
6562
5812
59175
51324
30333
19606
20904
26970
28824
4409
3869
36803
3814
5006
35641
56611
42966
30905
38537
9572
35934
21295
12309
29887
53667
37467
50773
8687
18248
5691
6605
49857
15920
23528
33991
47239
33105
40371
58028
42636
55127
53770
43998
6723
33778
20505
4149
21144
23486
34894
46612
35304
21613
3189
5927
15820
40403
28898
7931
39759
38893
54861
33082
9121
9358
51222
49986
10181
54920
30730
22401
44901
57172
20383
32528
58021
55710
37529
29416
38421
25423
41039
28133
46079
56600
15815
18966
26177
39257
16382
25117
57141
24331
45860
54857
36523
5488
23108
29294
27512
12629
22337
38654
5671
12352
53211
9702
4718
49276
2961
45415
32636
55102
7553
9680
53295
6132
4139
21301
20450
35113
13523
19949
35939
59031
16293
13869
21218
15337
58771
6493
23333
31724
15482
44596
54584
19666
21891
40342
7138
24194
46693
42406
22036
23871
3943
26952
5114
43379
30659
1944
403
28536
5863
15969
59326
30724
57333
41723
48522
52814
59081
19876
27376
54913
2747
24889
26812
46588
23098
27762
31301
2883
39129
56248
23422
41286
16486
49443
59813
52235
33845
14868
49401
10426
26235
14955
20105
35974
32726
998
50024
20467
53034
50327
6364
43816
48486
57377
3829
55827
5893
27311
28123
35283
25521
22513
43328
38022
40962
49172
5204
57775
4259
43260
2775
25443
20150
58016
45706
32337
42030
18370
319
50604
42777
51786
30606
17238
29761
26879
43433
1066
43400
44993
26823
40230
22481
2373
10237
26003
13534
22734
49611
49747
58323
34597
36594
31814
13817
13620
50051
33657
22335
6084
23827
27116
3099
49457
50346
47965
58510
13543
39067
37046
45350
35708
13550
46416
18621
13162
22521
32035
52542
8486
37165
22667
49896
55906
33005
17208
13963
16027
7097
42898
26799
44288
24712
55367
26387
7712
47220
43571
50579
14062
13935
58635
6148
22932
55284
8966
21017
21777
33784
13928
34791
13265
21952
18124
17605
25511
33036
7341
15821
14441
5968
51633
32736
35496
21347
49267
58406
54795
21008
18315
35987
12039
31594
16124
31909
30845
56125
52762
18505
13584
33919
46614
13565
54241
13638
58280
39056
15657
16915
52536
30214
8914
14795
13544
55576
32498
3879
6274
30488
8165
673
49177
57938
30279
48623
4926
19245
10475
49676
36930
14449
56858
16625
36163
13155
34091
34787
12405
40908
57147
42662
52302
5976
24138
24400
42701
23193
29330
14584
34184
13484
47588
28684
17457
56723
17633
18370
16901
53281
7473
58535
47953
47285
44612
42771
27425
46750
36579
24125
49190
4765
58514
57738
56226
22407
44708
28097
56787
48937
2171
53082
20443
4358
41562
46101
7208
43996
1545
33128
27972
40933
36613
47984
50171
5945
44673
22791
3236
36369
8285
26070
38447
52710
7201
56258
57353
13560
53558
15683
41455
10443
20353
35282
53100
31019
10557
36480
18416
27600
55028
10083
11024
30588
30617
23147
6804
45762
39845
49523
15362
16161
17101
20820
7652
43117
57980
20083
34583
44175
53746
52730
35987
54434
11193
9891
46322
57086
34527
17585
51487
59475
36629
4761
59549
38123
44899
29406
58353
28434
47269
15611
54413
46801
5926
56920
37049
6101
14328
12767
36736
41231
35309
59593
7380
36372
32918
55954
39167
15717
26293
57579
8360
50345
19424
6478
38462
21077
25557
41803
31524
20590
36916
48513
53145
38790
50430
55465
58659
14786
29736
30220
51863
18908
12636
28309
58439
53380
6956
43361
20808
50657
27443
44435
39391
16662
25706
59524
5672
20927
44356
10424
49187
45466
49287
24683
45211
34019
52008
40298
44660
23384
7393
7742
34705
35515
41489
44738
44287
19318
54672
7222
7265
8248
33741
34285
56056
8925
7047
2593
31631
29997
51428
12871
41665
13307
50481
46748
35527
10829
5751
16190
37922
2971
25334
40119
44801
18416
6561
4948
24784
47598
6165
5077
8093
27470
35639
2173
52936
54020
42761
24872
17062
17281
361
8252
41074
48403
24583
43640
20433
27335
7136
4106
28384
22191
59964
21885
2748
17278
25024
24143
8878
52623
26352
22560
37425
55526
3013
53510
12001
44334
36583
45918
52194
51618
38439
10973
56746
34855
54364
15364
37836
6486
13848
6066
24162
58488
16805
9555
35350
50730
20610
12534
29453
6143
11092
56509
40369
52421
50411
1581
41593
10079
57010
44901
17815
27538
41842
46028
43005
35452
39300
46243
45261
42910
31729
5337
4860
32378
55976
36861
58786
32279
57338
29166
35649
21409
58966
31919
20112
48238
20988
40342
15811
16507
37888
8099
37016
21045
30590
9518
2496
41844
14612
48345
55176
26082
19520
49061
17027
52249
10422
53728
19862
20586
47422
39163
24607
15769
51209
27290
20387
9542
51086
52325
43315
9863
55237
56700
41338
29968
33982
16199
52677
54325
47615
9611
1872
47174
39481
36888
35337
42201
13350
127
58915
23462
27873
8801
45402
26603
32705
48291
6877
29296
53363
49950
21821
22693
22547
9330
27728
55175
48360
28603
46242
21953
633
54043
12794
16687
41392
5015
38628
24062
11241
18142
10816
28112
51286
25892
49574
43931
33971
58989
2099
36849
46113
28420
9301
4250
45985
30187
18960
37181
41838
365
23626
6750
38391
46607
58841
53057
23384
23398
17191
20684
45941
29858
18431
41451
7218
36231
33847
32589
37714
41404
33817
47788
24778
28380
24656
43082
30752
50122
43915
11862
15013
6658
12273
35662
5613
41131
48994
58399
31559
26472
38566
18696
56925
4398
2420
45724
44906
43343
16737
9317
55570
28852
25987
41158
21411
33674
21312
1881
7366
18868
35928
36152
41218
58014
36108
34711
27341
81
20393
52525
56432
44482
19061
49140
54518
25254
25397
24198
48464
896
54648
56711
38472
16922
55940
5602
53632
15346
33947
22764
9095
35627
29097
49060
44759
2885
35405
18076
28526
19239
7202
17745
44518
48185
46472
32853
56819
59598
30516
44046
37081
17342
44561
55736
29896
57169
10577
20165
57877
50743
27316
37509
31190
17973
18195
50112
5881
59131
55114
30432
30913
15184
17632
44
21343
23342
19604
9135
57705
58699
56197
51064
15801
524
35262
27802
56389
37502
55965
11315
10390
16031
18079
15529
13863
12886
43850
47568
25468
16131
8981
33289
9084
15793
46232
6597
54989
9416
35212
49415
25707
11263
25406
10631
5892
7343
47061
17170
42867
21891
25949
2735
10614
46636
38864
22204
10831
58800
42945
24055
7540
52994
35780
39034
3923
31789
54205
15997
16613
29929
31747
10303
53965
15185
25521
9695
29454
27723
5449
4804
32358
45574
18757
39581
23275
56514
29788
29539
59713
31561
13613
42938
10421
11036
13098
56278
35224
42120
54180
2939
37723
34327
33359
828
10244
51266
42770
34053
9963
57540
10542
44436
21459
33354
45320
52802
28264
48999
41269
42592
56241
25028
43553
37500
44882
38836
8764
28451
58914
36870
21121
50208
17251
22324
3267
1891
59779
2648
41847
21117
23406
20190
2233
4423
38478
11636
32892
37794
5696
37405
11729
121
41140
30182
32818
26402
48257
44144
9836
29092
56226
32108
25927
17011
41745
34340
28468
37878
53599
48918
41842
28106
34413
764
33948
30175
33513
3430
22130
47840
45001
17098
5507
3696
56349
28881
18292
51824
5396
12946
50991
44861
38318
33212
27883
43542
11705
11725
44628
47931
15211
33216
19255
53840
15802
34531
16589
48737
40539
11686
34081
49057
23765
22031
11199
11851
30273
24235
50746
47657
25729
20927
15066
35378
35674
19197
58849
6605
13743
15761
1369
33012
32763
20379
25436
25013
298
24119
11070
10162
49397
20184
8859
11880
56153
19923
32921
15532
50483
52919
51705
21201
52570
59259
51104
26183
51992
8208
51836
55005
29830
3765
9622
4263
16740
44426
22035
32538
57554
47484
25637
7508
53453
35454
30452
26073
34601
24601
16581
49529
49224
23290
12069
8557
44884
18314
24693
47584
19103
7803
52145
59626
45076
49373
16670
32822
12313
48977
50896
15910
25092
117
50837
53645
54583
40734
21474
57562
22969
30756
23544
5076
1650
31671
39602
5409
42243
5583
9325
33921
56608
40737
58420
32471
19883
23565
54087
19047
28175
16884
25608
8570
28213
16967
41155
49375
30982
34715
33207
16077
32029
40217
33892
22083
13352
9970
15475
47728
20347
36239
50044
48718
41489
13894
31673
40264
33345
41768
47941
32253
3545
38328
51951
33181
30297
8726
43233
57424
44078
9498
9128
51926
57353
48988
31679
4553
31547
6063
50492
58942
35280
12366
28247
48491
11494
37198
15987
28898
40072
2516
43786
57147
9899
2720
17433
34128
46404
39590
1829
58690
28387
24285
47368
20058
4945
43921
59644
35369
25442
17139
17795
17840
51030
25648
14992
48668
44018
126
49206
42441
32981
59475
46508
12551
25466
12592
49593
20058
31050
23035
37761
38011
22235
25578
2188
20284
33864
45563
12399
30761
4846
28769
45114
1994
44801
56152
3709
4645
43369
23865
35992
40288
31964
15978
44125
35172
18905
34125
27044
16349
32926
42712
9003
55838
46823
28516
31560
52225
42948
26175
22732
52364
13493
6813
58102
32047
10180
56331
24113
22250
27040
56356
43691
16044
40529
23868
28339
46357
23997
7770
15757
38429
25558
16770
22006
27534
15357
32016
1999
24652
19927
19329
26248
42486
11434
24107
5098
35044
36213
54765
30112
59567
31306
19329
20579
47376
31976
17422
47969
36736
45273
22811
39722
4223
53956
32829
22518
15889
24976
31409
41398
1186
12887
21029
1013
47914
19426
36464
50955
52268
6214
35938
1631
1944
46779
52950
22325
47600
39765
28069
51963
53832
36545
52020
4268
51079
40990
40845
38400
426
16981
15819
50736
53223
15062
20654
5673
32462
6992
36975
5261
716
19789
28942
2176
46473
16936
34087
37301
15410
33900
36067
52598
43921
46730
37546
46474
13592
9622
58517
27462
7100
12575
39394
23923
23806
4553
28834
35959
1573
33289
36108
6787
13671
5404
41396
26808
32359
24708
17718
49047
53752
46912
972
21764
44159
56679
53248
9046
25910
1217
12699
42718
51149
18658
2683
21105
4139
37508
44195
23443
13907
57184
27276
24098
3842
43464
29337
13020
37236
36644
46569
19470
3078
49511
134
31227
16118
17901
40026
34117
55878
57139
7937
26298
53152
211
11513
17278
26451
27163
26230
10929
59580
12841
16434
21565
5728
45477
32449
49311
55605
2427
99
11087
29281
15827
44083
9485
11610
13231
23132
42282
10956
21697
14668
51728
2713
20710
58848
51663
442
48930
12446
53606
8900
10873
26210
10602
27846
1831
30800
12213
17807
19134
30088
51758
22348
1978
47256
4496
57903
55746
24235
6138
39499
28508
9951
18388
59004
25613
373
23320
4323
4173
37985
56836
25999
12291
7713
9947
4055
31074
6794
28178
3940
5567
33565
9278
11468
8686
28313
39351
37113
47736
44650
34473
31240
42683
28800
18104
58924
33886
3994
40237
53907
37328
44929
19841
54849
49788
59697
228
31224
21578
41330
51211
59961
46613
19749
54132
10980
44644
20378
6519
37820
1576
35902
27307
11238
26417
57105
22993
16719
10701
5909
54657
9933
38878
34211
28592
990
50999
46104
27579
461
14579
58957
59954
48851
40498
43396
10083
59001
1104
8990
18690
35196
44419
57929
38067
47498
33234
49751
19892
9320
48301
29514
15529
28982
54509
28971
40133
41994
7208
8378
45297
3865
46896
52639
55933
27604
5130
13919
22113
21487
16262
58218
18190
25373
17376
4625
31893
26775
5521
30326
4275
56795
29682
59
16249
5201
45519
31324
50708
46473
20388
10745
44317
52960
35159
33739
8543
15522
49
5496
39487
18153
11002
20834
10285
19139
45808
47833
263
3922
38948
54129
59012
34060
51505
36750
45060
6691
4473
14364
36945
25343
44862
29211
23729
45351
50394
59991
32139
43039
43932
22965
6996
19116
5248
2058
47765
22578
18697
21510
33627
12126
13821
11021
19770
24863
7933
4102
21567
17167
54944
54733
10161
37168
27179
37283
10114
35890
54255
50437
46104
49969
2046
15994
7794
47163
38379
7493
35769
55278
28190
29755
46598
57760
55089
22510
39850
45273
41003
42632
23197
14042
59062
29620
14534
34817
734
4470
29508
28644
58440
3770
58071
6043
51276
36201
37934
7098
39441
38969
20590
48188
27396
20412
46683
14107
32117
58552
8966
5788
44622
35159
3315
31912
32944
56084
166
17140
29419
9622
4650
44450
5498
39994
2845
35456
49561
49992
41691
27886
23173
29288
18854
19038
59054
39021
8271
19828
57915
23311
53219
28365
11450
16087
28213
24220
46274
27507
9188
29134
58727
48937
59465
23727
54841
38312
27999
18310
35610
5146
47631
8347
32186
8535
23254
20121
31761
15507
24758
56303
4504
49558
18198
14896
8004
32652
24119
23034
22336
23315
34868
43604
6949
42450
21396
19344
2841
106
20688
37808
51266
58532
14523
13764
43205
30921
3251
12818
43424
38513
20387
9583
3264
23923
49490
5065
21695
38203
22956
49703
13277
6777
12010
38600
32762
27894
23808
26760
35310
9890
35748
17057
28613
45001
52598
41582
6618
51556
31504
23403
42959
28011
40235
45944
21414
2664
20107
12956
10688
39335
1768
32806
28527
1481
20347
57999
10201
38456
53537
49500
34188
6901
15823
7167
3512
10925
41938
54236
1166
32810
26913
5737
19475
8133
10978
35567
7008
41817
20725
42094
20154
468
37377
29693
52905
48583
46393
53518
41911
33436
49323
3791
51078
7366
27365
13997
15502
37972
676
1203
34515
4128
14458
32529
511
27460
14139
44408
19233
5164
11300
57473
55937
2278
12681
26125
36126
28278
2074
37031
48839
30918
36337
2182
18642
6459
5018
21615
5212
22595
41279
37239
18974
35210
37999
6053
52232
54123
15659
19606
14524
21155
51981
16026
48266
48514
52917
25052
59300
21915
36273
14336
27261
27931
6184
34436
16130
40118
35523
21705
36245
34684
42168
58891
24162
44395
6101
41227
48801
126
46181
48622
16103
4963
44450
24894
52872
32075
48024
13486
30925
53050
34098
155
40493
26270
25699
23886
36428
50076
17298
8862
59981
17478
3651
35443
37397
24072
25534
44485
34526
22242
55775
6371
46612
25712
28921
38255
2160
44069
24967
14854
38126
12663
21777
56350
14285
27571
32983
15528
8994
16049
17661
34420
14041
19330
57427
45300
48330
30342
34976
28537
40724
1306
39371
27033
47832
20846
29669
56435
44597
3893
24406
32169
23739
57781
24674
11499
1358
37695
38712
32277
55257
7608
16663
31694
16364
30390
42301
34225
35892
36998
59086
3049
53462
19850
40285
38454
43496
37313
7290
43564
45227
50526
1784
27610
24040
10874
22010
48968
18822
38596
43609
1209
14501
26743
59508
34352
42011
51141
44277
26191
4905
8367
46556
50267
12377
50966
39050
30139
12822
9068
35724
45759
48871
3908
11010
21982
17865
30632
43627
49175
29320
54920
55919
55257
9370
35504
1001
2430
57337
7603
57454
45138
55931
54564
21118
12914
16848
38083
45734
463
56215
35988
9648
29617
2556
31179
30664
25176
38130
7172
27115
51294
27625
8079
55854
32057
51052
32712
29512
48892
2555
38532
34717
27709
37504
1960
42057
52433
15823
564
6629
42740
57086
46269
29464
17573
17119
33944
56573
51917
14743
57809
6157
12672
41916
48699
1801
17436
49487
44675
52039
48302
22355
56445
41110
6645
22538
2560
46735
25054
37835
10349
32666
50510
1505
54826
54778
36414
20739
27566
33142
4864
47211
12661
48293
24160
31574
16562
5525
2406
14199
55908
2424
42392
3160
4289
18764
3517
32526
58448
29926
4540
13719
8755
56794
27234
53715
45185
22633
18882
2460
5265
1991
35830
35940
37170
45671
30340
17642
51608
16166
59261
38264
55760
41617
38687
2203
45941
1812
48473
22272
7035
21505
33582
55880
52681
45656
51539
25960
1956
19897
31251
16831
30470
40291
57875
10388
4461
20744
51183
58988
19727
6063
47650
38437
4907
15557
53317
37586
34235
13794
58255
57940
30439
4596
22010
4849
44499
56714
8646
55123
3032
47582
35767
33119
14095
32767
59162
26993
4617
23066
41317
53841
40573
58213
32475
11124
56121
37929
28655
46641
30937
58569
50528
24701
5654
4787
2691
46854
11349
9665
20991
15433
24384
33772
50001
18225
34546
13391
9583
12877
11084
24691
23434
34316
48261
49884
31628
22615
29246
32303
55137
45259
56947
41150
3667
22161
37101
47090
21421
44220
31892
25076
54209
52575
37154
45912
21061
18760
42643
42502
18199
52157
34936
3142
37537
22673
21387
37991
39321
2595
573
28205
20735
35540
39979
12853
7305
45859
48079
20326
20988
45830
10451
31893
58544
37383
44640
35220
27542
4249
34804
50105
23446
30741
5202
40967
7856
58677
13236
11579
50212
57196
50075
14805
13550
8865
37895
57313
42121
34662
49186
45601
19220
39481
55094
14873
14801
15670
37119
29654
34698
14775
11035
58108
59567
25481
10014
33002
45722
10700
47651
25932
17108
54503
33852
55837
4880
17413
59498
22583
3093
55184
7400
54105
19321
40776
54050
34547
12072
48448
22787
17105
6276
9750
37644
30626
30406
59245
5440
10212
35523
34025
20508
12973
7819
40550
12676
12952
32714
31924
17336
32331
39153
12083
17670
41569
21487
52840
15930
59800
2712
53689
31248
793
24168
28555
36521
43232
57665
31029
39739
295
52975
38560
3331
56947
10061
38589
