i get in!    1
i get in!    2
i get in!    3
i get in!    4
i get out... 3
i get in!    4
i get out... 3
0 12 24
i get out... 2
i get in!    3
i get in!    4
i get out... 3
i get in!    4
i get out... 3
25 37 49
i get out... 2
0 24 49
i get out... 1
i get in!    2
i get in!    3
i get in!    4
i get out... 3
i get in!    4
i get out... 3
50 62 74
i get out... 2
i get in!    3
i get in!    4
i get out... 3
i get in!    4
i get out... 3
75 87 99
i get out... 2
50 74 99
i get out... 1
0 49 99
i get out... 0
0.004
1136 1136
1148 4996
1947 9992
3386 10123
4996 10522
6079 10996
6713 15845
6739 20740
9992 22133
10123 24029
10522 25639
10996 26446
11388 29401
12807 30095
12861 32785
13427 35036
14595 37784
15845 40091
15902 42631
17245 51329
17438 52522
20740 56046
22133 57808
22430 58020
23239 59334
24029 12498
25639 17785
26446 20326
26941 20629
27242 27730
29401 37389
30095 38455
32785 47423
33817 48963
35036 52760
37784 54630
40091 58753
42631 59419
45127 102
45750 4244
46710 9520
51329 18750
52522 20303
54255 25387
54558 36710
56046 38913
57808 44266
58020 45023
58555 51610
15772 58607
16239 1148
19829 1947
20537 3386
22106 6079
26185 6713
26903 6739
41264 11388
42585 12807
43189 12861
52963 13427
55625 14595
55902 15902
550 17245
2496 17438
7733 22430
24308 23239
24360 26941
24717 27242
26921 33817
27358 45127
31511 45750
41965 46710
42905 54255
49429 54558
59334 58555
12498 15772
17785 16239
20326 19829
20629 20537
27730 22106
37389 26185
38455 26903
47423 41264
48963 42585
52760 43189
54630 52963
58753 55625
59419 55902
102 550
4244 2496
9520 7733
18750 24308
20303 24360
25387 24717
36710 26921
38913 27358
44266 31511
45023 41965
51610 42905
58607 49429
false
