100
56046
10996
30095
4996
20740
10123
35036
24029
37784
22133
32785
10522
58020
25639
9992
57808
29401
52522
42631
15845
1136
51329
40091
59334
26446
20326
37389
52760
27730
12498
48963
54630
47423
59419
20629
17785
58753
38455
44266
36710
18750
45023
58607
38913
51610
9520
4244
20303
102
25387
14595
33817
12807
58555
17438
11388
22430
45750
6739
17245
3386
12861
15902
1947
46710
54558
1148
26941
54255
6713
23239
27242
45127
6079
13427
26903
16239
19829
52963
22106
43189
20537
55625
55902
26185
15772
42585
41264
41965
24717
24360
49429
42905
31511
550
27358
26921
2496
7733
24308
